<?xml version="1.0"?>
<opencv_storage>
<calibration_Time>"05/08/15 17:20:48"</calibration_Time>
<nrOfFrames>8</nrOfFrames>
<image_Width>1000</image_Width>
<image_Height>750</image_Height>
<board_Width>9</board_Width>
<board_Height>6</board_Height>
<square_Size>4.</square_Size>
<FixAspectRatio>1.</FixAspectRatio>
<!-- flags:  +fix_aspectRatio +fix_principal_point +zero_tangent_dist -->
<flagValue>14</flagValue>
<Camera_Matrix type_id="opencv-matrix">
  <rows>3</rows>
  <cols>3</cols>
  <dt>d</dt>
  <data>
    1.7598834765278550e+003 0. 4.9950000000000000e+002 0.
    1.7598834765278550e+003 3.7450000000000000e+002 0. 0. 1.</data></Camera_Matrix>
<Distortion_Coefficients type_id="opencv-matrix">
  <rows>5</rows>
  <cols>1</cols>
  <dt>d</dt>
  <data>
    -4.5504658120713132e-001 3.8773294079373038e+001 0. 0.
    -9.6930292062526939e+002</data></Distortion_Coefficients>
<Avg_Reprojection_Error>5.2229032421138220e+000</Avg_Reprojection_Error>
<Per_View_Reprojection_Errors type_id="opencv-matrix">
  <rows>8</rows>
  <cols>1</cols>
  <dt>f</dt>
  <data>
    3.60709023e+000 3.22828078e+000 1.49106228e+000 1.80968225e+000
    1.10373259e+001 6.50402880e+000 3.39576793e+000 3.69356823e+000</data></Per_View_Reprojection_Errors>
<!-- a set of 6-tuples (rotation vector + translation vector) for each view -->
<Extrinsic_Parameters type_id="opencv-matrix">
  <rows>8</rows>
  <cols>6</cols>
  <dt>d</dt>
  <data>
    -9.7435101922701606e-002 4.7029921946053704e-001
    -1.7290447633500020e-002 -1.2672497005707561e+001
    -1.0298259872621362e+001 1.1569442028136515e+002
    -1.3829426452423649e-001 -5.5490301540109788e-001
    -7.4551017936820091e-002 -1.3313429256873601e+001
    -8.9455930507485917e+000 9.4629907813808927e+001
    1.7113832613415193e-002 -5.1515178869545031e-001
    -6.2223216589740546e-002 -1.4345746494312396e+001
    -7.6605171629075333e+000 9.9638276010848628e+001
    5.7169277366370980e-002 5.3242771741379491e-001
    -5.3986065111808326e-002 -1.6216422145323385e+001
    -9.9495007338779686e+000 1.1583408390408358e+002
    -1.4415632756985516e-001 2.1551808901491010e-001
    -5.6879258106265970e-002 -1.6223546989907721e+001
    -9.3541044451805373e+000 9.5397394404148585e+001
    -2.5626496445931601e-001 -4.2466551897415888e-001
    -1.4842399022356229e-001 -1.5132653454144426e+001
    -1.0717547563677451e+001 9.0265182663275311e+001
    -7.7571298546244463e-002 5.1557490109845561e-001
    -1.8163922189300641e-001 -1.6231054058936273e+001
    -7.3114550427804801e+000 1.0845350650223749e+002
    6.3395154063696627e-002 4.5948533627680621e-001
    -3.8112012657211487e-002 -1.6324341865693693e+001
    -8.7933707466290674e+000 1.1060216004432874e+002</data></Extrinsic_Parameters>
<Image_points type_id="opencv-matrix">
  <rows>8</rows>
  <cols>54</cols>
  <dt>"2f"</dt>
  <data>
    3.10447327e+002 2.15773346e+002 3.62611969e+002 2.11945648e+002
    4.15784515e+002 2.07944458e+002 4.70268799e+002 2.03721939e+002
    5.26094238e+002 1.99234222e+002 5.83090149e+002 1.94451187e+002
    6.41707397e+002 1.89588318e+002 7.02345459e+002 1.84423431e+002
    7.65082153e+002 1.78115341e+002 3.07974945e+002 2.75252930e+002
    3.60612915e+002 2.71981323e+002 4.14385986e+002 2.68518433e+002
    4.69484161e+002 2.64902954e+002 5.26016296e+002 2.61176392e+002
    5.83793457e+002 2.57225037e+002 6.43091858e+002 2.53136673e+002
    7.04649048e+002 2.48741577e+002 7.68231995e+002 2.43663574e+002
    3.05127594e+002 3.35940643e+002 3.58406189e+002 3.33205536e+002
    4.12818726e+002 3.30442291e+002 4.68594452e+002 3.27542694e+002
    5.25948608e+002 3.24567047e+002 5.84515259e+002 3.21469666e+002
    6.44608459e+002 3.18237396e+002 7.07039673e+002 3.14845276e+002
    7.71622009e+002 3.10946381e+002 3.01968048e+002 3.97833405e+002
    3.55967010e+002 3.95757233e+002 4.11126038e+002 3.93727997e+002
    4.67724976e+002 3.91536896e+002 5.25799561e+002 3.89418427e+002
    5.85238892e+002 3.87205383e+002 6.46215088e+002 3.84864075e+002
    7.09642944e+002 3.82413910e+002 7.75283020e+002 3.79682587e+002
    2.98673004e+002 4.61644989e+002 3.53442535e+002 4.60324371e+002
    4.09377655e+002 4.58931976e+002 4.66783081e+002 4.57558777e+002
    5.25795593e+002 4.56239288e+002 5.86100830e+002 4.54896698e+002
    6.48032410e+002 4.53548615e+002 7.12498352e+002 4.52146912e+002
    7.79263000e+002 4.50678131e+002 2.95051147e+002 5.27763245e+002
    3.50622955e+002 5.27146301e+002 4.07385010e+002 5.26483215e+002
    4.65541107e+002 5.25931274e+002 5.25542419e+002 5.25464661e+002
    5.86969055e+002 5.25154785e+002 6.50038025e+002 5.24830566e+002
    7.15674927e+002 5.24664063e+002 7.83622864e+002 5.24539612e+002
    2.57327209e+002 2.08609344e+002 3.24041931e+002 2.10688309e+002
    3.87255035e+002 2.12583542e+002 4.47586853e+002 2.14241180e+002
    5.05210999e+002 2.15628876e+002 5.59976746e+002 2.16850815e+002
    6.12429382e+002 2.18033691e+002 6.63216431e+002 2.19000992e+002
    7.12915955e+002 2.19191437e+002 2.61767303e+002 2.80257355e+002
    3.29208344e+002 2.80372986e+002 3.93112457e+002 2.80427368e+002
    4.54068207e+002 2.80330933e+002 5.12187683e+002 2.80231506e+002
    5.67410400e+002 2.80052307e+002 6.20273560e+002 2.79862610e+002
    6.71620789e+002 2.79521454e+002 7.21549561e+002 2.78704590e+002
    2.66180206e+002 3.53433960e+002 3.34504578e+002 3.51531952e+002
    3.99078644e+002 3.49703094e+002 4.60648102e+002 3.47928345e+002
    5.19355530e+002 3.46241150e+002 5.75143738e+002 3.44604858e+002
    6.28533325e+002 3.42988098e+002 6.80384644e+002 3.41324890e+002
    7.30540161e+002 3.39509216e+002 2.70630310e+002 4.28269531e+002
    3.39646667e+002 4.24388031e+002 4.05123474e+002 4.20599792e+002
    4.67323303e+002 4.17012115e+002 5.26723389e+002 4.13625214e+002
    5.83082397e+002 4.10432098e+002 6.36984314e+002 4.07345398e+002
    6.89365234e+002 4.04381622e+002 7.40114563e+002 4.01378326e+002
    2.74990112e+002 5.05602020e+002 3.45033081e+002 4.99448303e+002
    4.11235229e+002 4.93694366e+002 4.74261200e+002 4.88151978e+002
    5.34294861e+002 4.83074799e+002 5.91279053e+002 4.78251617e+002
    6.45805847e+002 4.73682678e+002 6.98929199e+002 4.69237579e+002
    7.50248474e+002 4.64952301e+002 2.79227600e+002 5.85934448e+002
    3.50356689e+002 5.77466370e+002 4.17486450e+002 5.69467224e+002
    4.81506622e+002 5.61924988e+002 5.42551575e+002 5.54907898e+002
    6.00020569e+002 5.48426025e+002 6.54984192e+002 5.42214111e+002
    7.08777954e+002 5.36287476e+002 7.60988403e+002 5.30720581e+002
    2.45730881e+002 2.39037384e+002 3.10501678e+002 2.37171280e+002
    3.72816254e+002 2.35380096e+002 4.33013306e+002 2.33551041e+002
    4.91212097e+002 2.31696381e+002 5.47283875e+002 2.29747421e+002
    6.01613647e+002 2.27881104e+002 6.54866577e+002 2.25960876e+002
    7.07375549e+002 2.23810654e+002 2.51238739e+002 3.10431427e+002
    3.15533752e+002 3.07227783e+002 3.77279724e+002 3.04167542e+002
    4.37060089e+002 3.01161133e+002 4.94836761e+002 2.98133698e+002
    5.50592957e+002 2.95126678e+002 6.04564636e+002 2.92315430e+002
    6.57582825e+002 2.89494354e+002 7.09653809e+002 2.86624634e+002
    2.56446777e+002 3.80890900e+002 3.20211243e+002 3.76447968e+002
    3.81682434e+002 3.72020203e+002 4.41040283e+002 3.67850433e+002
    4.98443329e+002 3.63794525e+002 5.53903259e+002 3.59803223e+002
    6.07641785e+002 3.55989899e+002 6.60383057e+002 3.52313019e+002
    7.12059814e+002 3.48769653e+002 2.61344635e+002 4.50333374e+002
    3.24802002e+002 4.44519653e+002 3.85872498e+002 4.38969147e+002
    4.44921875e+002 4.33649292e+002 5.02113281e+002 4.28551208e+002
    5.57283936e+002 4.23593262e+002 6.10729004e+002 4.18826935e+002
    6.63272156e+002 4.14332001e+002 7.14767517e+002 4.10032104e+002
    2.66053009e+002 5.19439148e+002 3.29217957e+002 5.12320068e+002
    3.89960083e+002 5.05591003e+002 4.48685150e+002 4.99129608e+002
    5.05667114e+002 4.92978394e+002 5.60482849e+002 4.87065796e+002
    6.13840332e+002 4.81426056e+002 6.66286804e+002 4.76109711e+002
