<?xml version="1.0"?>
<opencv_storage>
<calibration_Time>"05/08/15 17:47:24"</calibration_Time>
<nrOfFrames>8</nrOfFrames>
<image_Width>1000</image_Width>
<image_Height>750</image_Height>
<board_Width>4</board_Width>
<board_Height>11</board_Height>
<square_Size>35.</square_Size>
<FixAspectRatio>1.</FixAspectRatio>
<!-- flags:  +fix_aspectRatio +fix_principal_point +zero_tangent_dist -->
<flagValue>14</flagValue>
<Camera_Matrix type_id="opencv-matrix">
  <rows>3</rows>
  <cols>3</cols>
  <dt>d</dt>
  <data>
    9.0272209238818471e+002 0. 4.9950000000000000e+002 0.
    9.0272209238818471e+002 3.7450000000000000e+002 0. 0. 1.</data></Camera_Matrix>
<Distortion_Coefficients type_id="opencv-matrix">
  <rows>5</rows>
  <cols>1</cols>
  <dt>d</dt>
  <data>
    1.7018712451656196e-001 -1.1578388532966817e+000 0. 0.
    3.7822869878015384e+000</data></Distortion_Coefficients>
<Avg_Reprojection_Error>5.2803864558756963e-001</Avg_Reprojection_Error>
<Per_View_Reprojection_Errors type_id="opencv-matrix">
  <rows>8</rows>
  <cols>1</cols>
  <dt>f</dt>
  <data>
    8.99742723e-001 6.22630477e-001 5.23338079e-001 4.82030302e-001
    3.75783026e-001 3.26579928e-001 3.80144447e-001 3.67123485e-001</data></Per_View_Reprojection_Errors>
<!-- a set of 6-tuples (rotation vector + translation vector) for each view -->
<Extrinsic_Parameters type_id="opencv-matrix">
  <rows>8</rows>
  <cols>6</cols>
  <dt>d</dt>
  <data>
    -1.9854827301376049e-001 -2.1440512039028334e-001
    1.6923496546319536e+000 2.0175366036195152e+002
    -1.0063945654266142e+002 5.8548675417038498e+002
    -1.3498704062136255e-001 -1.3604954530329669e-001
    -1.6637112850907800e+000 -1.7424168091784239e+002
    1.3424350080449716e+002 5.0737410046190115e+002
    -8.4488967357655306e-002 2.6798991339616846e-001
    1.6627321593891464e+000 2.3069858979599655e+002
    -8.3608015897056447e+001 8.0914569573052370e+002
    -2.3436465263270032e-001 4.3987034673492000e-002
    1.5003399585014854e+000 2.5012963494408754e+002
    -1.5500355290047193e+002 9.0104094911155221e+002
    7.7469719152027647e-002 -3.2104729608557214e-001
    1.4640435615160323e+000 2.4105520535182370e+002
    -9.6536405949703592e+001 8.1763597461906613e+002
    -3.7924171571184573e-001 -1.0389240545449117e-001
    -1.4430286898592650e+000 -2.1717117979356013e+002
    6.5169545049798046e+001 8.0912442501806379e+002
    2.9367111200410567e-001 1.8510203029662325e-001
    1.9493482741666930e+000 1.8666954252526668e+002
    -3.1013878126222775e+001 7.6306530889902149e+002
    3.3294747969543431e-001 -1.2015666907671457e-001
    1.7678522641306014e+000 2.3376088342989934e+002
    -2.4817273361643739e+001 7.5916608453724314e+002</data></Extrinsic_Parameters>
<Image_points type_id="opencv-matrix">
  <rows>8</rows>
  <cols>44</cols>
  <dt>"2f"</dt>
  <data>
    8.14920959e+002 2.17143539e+002 7.99255310e+002 3.25465820e+002
    7.85357788e+002 4.33209534e+002 7.72808167e+002 5.42273987e+002
    7.58079773e+002 2.62778809e+002 7.42713989e+002 3.72345978e+002
    7.30051514e+002 4.82031555e+002 7.15764587e+002 5.92902344e+002
    7.16053406e+002 1.98368622e+002 7.00115845e+002 3.09816162e+002
    6.85363037e+002 4.20520142e+002 6.71715271e+002 5.32432800e+002
    6.56515930e+002 2.45095596e+002 6.41038269e+002 3.57836365e+002
    6.26531494e+002 4.70452118e+002 6.12135315e+002 5.84878784e+002
    6.11673340e+002 1.78424454e+002 5.95674622e+002 2.93190765e+002
    5.80346191e+002 4.07223083e+002 5.65275879e+002 5.22390564e+002
    5.49286011e+002 2.26166916e+002 5.33613403e+002 3.42414795e+002
    5.17943115e+002 4.58652374e+002 5.02605011e+002 5.76952881e+002
    5.01465210e+002 1.56703857e+002 4.85018402e+002 2.75440704e+002
    4.69073059e+002 3.93304962e+002 4.52842743e+002 5.12341309e+002
    4.34907715e+002 2.05678940e+002 4.18376984e+002 3.26006134e+002
    4.01835114e+002 4.46163300e+002 3.85192108e+002 5.68684387e+002
    3.82861389e+002 1.33073532e+002 3.65982819e+002 2.56137878e+002
    3.49064240e+002 3.78279755e+002 3.31697266e+002 5.01834137e+002
    3.11928619e+002 1.83154037e+002 2.94659058e+002 3.08129242e+002
    2.76920135e+002 4.33152100e+002 2.58553741e+002 5.60483704e+002
    2.55613693e+002 1.07495148e+002 2.37892242e+002 2.35013626e+002
    2.19791901e+002 3.62281769e+002 2.01090759e+002 4.91074249e+002
    1.83663437e+002 6.17976929e+002 1.81064346e+002 4.90054688e+002
    1.77205276e+002 3.69298004e+002 1.72312286e+002 2.53374054e+002
    2.45504669e+002 5.46661682e+002 2.40904297e+002 4.22908997e+002
    2.34675720e+002 3.05333191e+002 2.29259109e+002 1.92630936e+002
    3.11177094e+002 6.04331909e+002 3.05004333e+002 4.77415405e+002
    2.98478271e+002 3.57914215e+002 2.91189301e+002 2.43231232e+002
    3.70155151e+002 5.33619934e+002 3.62201691e+002 4.10828766e+002
    3.54032501e+002 2.94661407e+002 3.45705902e+002 1.82303787e+002
    4.36817169e+002 5.91071167e+002 4.27075867e+002 4.65050629e+002
    4.17667206e+002 3.46451721e+002 4.08285553e+002 2.32719818e+002
    4.93132019e+002 5.20985352e+002 4.81927307e+002 3.98889160e+002
    4.71275848e+002 2.83395844e+002 4.60793793e+002 1.71374619e+002
    5.61237610e+002 5.78466736e+002 5.47922485e+002 4.52923950e+002
    5.35635071e+002 3.34725159e+002 5.23788818e+002 2.21497223e+002
    6.15820129e+002 5.08824036e+002 6.01515747e+002 3.87160095e+002
    5.88211609e+002 2.72056854e+002 5.75684875e+002 1.60236526e+002
    6.85730774e+002 5.66148865e+002 6.69212402e+002 4.41107422e+002
    6.54263733e+002 3.23082794e+002 6.40035828e+002 2.09850052e+002
    7.38603516e+002 4.97003784e+002 7.21476013e+002 3.75358032e+002
    7.05705322e+002 2.60052948e+002 6.90800537e+002 1.48412491e+002
    8.09792725e+002 5.54152466e+002 7.90820557e+002 4.29284821e+002
    7.73128967e+002 3.11117584e+002 7.56312927e+002 1.97689804e+002
    7.59413025e+002 2.80239777e+002 7.54759705e+002 3.56604828e+002
    7.50466736e+002 4.34848419e+002 7.45836792e+002 5.16934875e+002
    7.16353699e+002 3.15230804e+002 7.11141113e+002 3.91897247e+002
    7.05910461e+002 4.71324036e+002 7.00377014e+002 5.54564270e+002
    6.79257751e+002 2.74750549e+002 6.73218750e+002 3.50271301e+002
    6.67289124e+002 4.27394775e+002 6.61112366e+002 5.08119873e+002
    6.36681519e+002 3.09278198e+002 6.30092468e+002 3.85137238e+002
    6.23327576e+002 4.63307312e+002 6.16257935e+002 5.45042664e+002
    6.01213806e+002 2.69077393e+002 5.94017029e+002 3.43821564e+002
    5.86645386e+002 4.20167786e+002 5.78969299e+002 4.99522675e+002
    5.59157593e+002 3.03220856e+002 5.51296997e+002 3.78394867e+002
    5.43127197e+002 4.55564606e+002 5.34372986e+002 5.36058411e+002
    5.25065002e+002 2.63683533e+002 5.16831055e+002 3.37631042e+002
    5.08148407e+002 4.13003845e+002 4.98969360e+002 4.91351013e+002
    4.83150482e+002 2.97513336e+002 4.74072113e+002 3.71693634e+002
    4.64536346e+002 4.47958130e+002 4.54003204e+002 5.27370361e+002
    4.50211304e+002 2.58337311e+002 4.40760803e+002 3.31298523e+002
    4.30838745e+002 4.05829865e+002 4.20231140e+002 4.83243286e+002
    4.08431122e+002 2.91435822e+002 3.98260742e+002 3.64999878e+002
    3.87506927e+002 4.40557312e+002 3.75081787e+002 5.18972290e+002
    3.76828369e+002 2.52642990e+002 3.66207550e+002 3.24899811e+002
    3.55384583e+002 3.98985687e+002 3.43057465e+002 4.75485077e+002
    7.52344299e+002 2.18079895e+002 7.60734619e+002 2.86358978e+002
    7.70378357e+002 3.55608826e+002 7.79720032e+002 4.27656219e+002
    7.22031494e+002 2.53556595e+002 7.30617615e+002 3.22596985e+002
    7.39477295e+002 3.93477631e+002 7.48154358e+002 4.67068939e+002
    6.84059326e+002 2.20441635e+002 6.91326416e+002 2.89742828e+002
    6.99556580e+002 3.59691376e+002 7.07737915e+002 4.32285675e+002
    6.52714050e+002 2.56308899e+002 6.60051208e+002 3.26361542e+002
    6.67751892e+002 3.97853180e+002 6.76112061e+002 4.71862305e+002
    6.14661072e+002 2.22654449e+002 6.20932068e+002 2.92809753e+002
    6.27908508e+002 3.63784302e+002 6.35342163e+002 4.36923645e+002
