<?xml version="1.0"?>
<opencv_storage>
<calibration_Time>"05/05/15 22:10:46"</calibration_Time>
<nrOfFrames>8</nrOfFrames>
<image_Width>1000</image_Width>
<image_Height>750</image_Height>
<board_Width>9</board_Width>
<board_Height>6</board_Height>
<square_Size>19.</square_Size>
<FixAspectRatio>1.</FixAspectRatio>
<!-- flags:  +fix_aspectRatio +fix_principal_point +zero_tangent_dist -->
<flagValue>14</flagValue>
<Camera_Matrix type_id="opencv-matrix">
  <rows>3</rows>
  <cols>3</cols>
  <dt>d</dt>
  <data>
    1.1688776152863547e+003 0. 4.9950000000000000e+002 0.
    1.1688776152863547e+003 3.7450000000000000e+002 0. 0. 1.</data></Camera_Matrix>
<Distortion_Coefficients type_id="opencv-matrix">
  <rows>5</rows>
  <cols>1</cols>
  <dt>d</dt>
  <data>
    -6.3487716146159179e-001 7.5530359034458119e+000 0. 0.
    -1.8431370045188721e+001</data></Distortion_Coefficients>
<Avg_Reprojection_Error>2.5601701011106965e+000</Avg_Reprojection_Error>
<Per_View_Reprojection_Errors type_id="opencv-matrix">
  <rows>8</rows>
  <cols>1</cols>
  <dt>f</dt>
  <data>
    5.00159407e+000 9.86494541e-001 1.02269566e+000 9.39324439e-001
    2.54228783e+000 1.80029762e+000 3.08276033e+000 2.30449653e+000</data></Per_View_Reprojection_Errors>
<!-- a set of 6-tuples (rotation vector + translation vector) for each view -->
<Extrinsic_Parameters type_id="opencv-matrix">
  <rows>8</rows>
  <cols>6</cols>
  <dt>d</dt>
  <data>
    5.3460127740445111e-002 1.6172744386516147e+000
    2.6933514176584099e+000 7.5794849961869588e+001
    6.0735389448166202e+001 2.8928126219475644e+002
    -1.8886541647460725e-001 -7.7284206762588104e-001
    -2.6290230351229833e+000 5.9892216104904303e+000
    3.1656772899540478e+001 5.1788623451809076e+002
    -1.4459876427630394e-001 8.2291016071350676e-001
    2.6912933978372195e+000 8.4245282297773926e+001
    6.0442246766201579e+000 5.7762420604006593e+002
    -1.9791749938231165e-001 3.2724892272396411e-001
    1.9773385935757426e+000 5.9044072129476078e+001
    -4.2492146177252351e+001 6.1475852580408343e+002
    -5.0675200713780899e-001 -7.5549223225636997e-001
    -1.9897684593878306e+000 -7.6982924903846353e+001
    6.7385685129441939e+001 3.5419547747325271e+002
    -2.9235025583231300e-001 -7.2361146305269353e-001
    -2.3666318438642961e+000 6.7234428392695861e+001
    2.8619225813809170e+001 3.5749287470422502e+002
    -9.4917201356376069e-001 9.6827836063815220e-001
    1.3535460173796714e+000 4.9944777363176925e+001
    -9.2463374981700808e-001 3.6151787507014490e+002
    -9.6010620358416932e-001 -9.9211099901904920e-001
    -1.3613653108479637e+000 -4.5237451859794582e+001
    5.3511396610155110e+001 2.4917017474462111e+002</data></Extrinsic_Parameters>
<Image_points type_id="opencv-matrix">
  <rows>8</rows>
  <cols>54</cols>
  <dt>"2f"</dt>
  <data>
    8.12916077e+002 6.20469299e+002 7.33722961e+002 6.20414063e+002
    6.55405701e+002 6.20479614e+002 5.77021240e+002 6.21570862e+002
    4.99345673e+002 6.22585266e+002 4.21525513e+002 6.23312683e+002
    3.43376434e+002 6.24640869e+002 2.65708862e+002 6.26295654e+002
    1.87631714e+002 6.26367371e+002 7.90676270e+002 5.69556274e+002
    7.17438965e+002 5.70511292e+002 6.45012695e+002 5.71225586e+002
    5.72581970e+002 5.71512146e+002 5.00504944e+002 5.72494019e+002
    4.28758087e+002 5.73315735e+002 3.56460876e+002 5.74514343e+002
    2.84669067e+002 5.75585632e+002 2.12391663e+002 5.76529602e+002
    7.71981384e+002 5.26359741e+002 7.03627075e+002 5.27143860e+002
    6.36253113e+002 5.27607239e+002 5.68915222e+002 5.28538818e+002
    5.01665619e+002 5.29526978e+002 4.35023712e+002 5.30520264e+002
    3.67659912e+002 5.31481323e+002 3.00781158e+002 5.32556946e+002
    2.33559662e+002 5.33509033e+002 7.55533630e+002 4.88387329e+002
    6.91624939e+002 4.89479095e+002 6.28620239e+002 4.90262665e+002
    5.65664429e+002 4.90953766e+002 5.02787445e+002 4.91941376e+002
    4.40457977e+002 4.92677063e+002 3.77469788e+002 4.93696747e+002
    3.14854767e+002 4.94782654e+002 2.51808884e+002 4.95466156e+002
    7.41125305e+002 4.55060852e+002 6.81179688e+002 4.56278870e+002
    6.21985596e+002 4.57396973e+002 5.62846375e+002 4.58275269e+002
    5.03702057e+002 4.59403473e+002 4.45085876e+002 4.60059662e+002
    3.85860626e+002 4.60733765e+002 3.27169891e+002 4.61595642e+002
    2.67880280e+002 4.61911774e+002 7.28352478e+002 4.25363770e+002
    6.71919556e+002 4.26461212e+002 6.16127014e+002 4.27527069e+002
    5.60346680e+002 4.28547150e+002 5.04573364e+002 4.29573822e+002
    4.49322235e+002 4.30590240e+002 3.93437988e+002 4.31625366e+002
    3.37988922e+002 4.32542114e+002 2.82230042e+002 4.32629028e+002
    5.13539063e+002 4.46784454e+002 4.74478790e+002 4.31763336e+002
    4.36391327e+002 4.17274292e+002 3.98897888e+002 4.03170929e+002
    3.62098785e+002 3.89335724e+002 3.25834595e+002 3.75457977e+002
    2.90039642e+002 3.62145721e+002 2.55074326e+002 3.48890717e+002
    2.20464584e+002 3.35474030e+002 5.30046997e+002 4.12121704e+002
    4.91694122e+002 3.98123016e+002 4.54382080e+002 3.84377655e+002
    4.17500244e+002 3.70682220e+002 3.81327057e+002 3.57209198e+002
    3.45707214e+002 3.44087372e+002 3.10577698e+002 3.31138123e+002
    2.76149811e+002 3.18578186e+002 2.42180283e+002 3.05806793e+002
    5.45745483e+002 3.79114563e+002 5.08166168e+002 3.65613861e+002
    4.71393646e+002 3.52575745e+002 4.35174530e+002 3.39481018e+002
    3.99586243e+002 3.26748871e+002 3.64630005e+002 3.14204132e+002
    3.30028595e+002 3.01725098e+002 2.96161713e+002 2.89685394e+002
    2.62811768e+002 2.77595673e+002 5.60870728e+002 3.47323456e+002
    5.23806519e+002 3.34599243e+002 4.87723328e+002 3.22058807e+002
    4.51994537e+002 3.09618256e+002 4.17123260e+002 2.97441895e+002
    3.82705872e+002 2.85388092e+002 3.48691193e+002 2.73454315e+002
    3.15454224e+002 2.61740692e+002 2.82587646e+002 2.49950745e+002
    5.75205872e+002 3.17146515e+002 5.38877563e+002 3.04871460e+002
    5.03291260e+002 2.92936279e+002 4.68308777e+002 2.80986633e+002
    4.33712128e+002 2.69454559e+002 3.99998260e+002 2.57922821e+002
    3.66399780e+002 2.46389252e+002 3.33657776e+002 2.35062180e+002
    3.01225861e+002 2.23657867e+002 5.89165466e+002 2.87741821e+002
    5.53313660e+002 2.76045013e+002 5.18355286e+002 2.64619263e+002
    4.83812103e+002 2.53398178e+002 4.49925385e+002 2.42166000e+002
    4.16634430e+002 2.31220078e+002 3.83681396e+002 2.20211578e+002
    3.51356506e+002 2.09375748e+002 3.19441650e+002 1.98352493e+002
    6.69275696e+002 3.86551910e+002 6.34256897e+002 3.97017700e+002
    5.99020630e+002 4.07816956e+002 5.62814026e+002 4.19121246e+002
    5.26165833e+002 4.30472809e+002 4.88785492e+002 4.41780518e+002
    4.50633301e+002 4.53752014e+002 4.11959442e+002 4.65666473e+002
    3.72438477e+002 4.77408356e+002 6.52971863e+002 3.56612030e+002
    6.18636169e+002 3.67022614e+002 5.84038757e+002 3.77439972e+002
    5.48612488e+002 3.87971558e+002 5.12591309e+002 3.98655365e+002
    4.76020111e+002 4.09495056e+002 4.38550262e+002 4.20818756e+002
    4.00791809e+002 4.32192383e+002 3.62046570e+002 4.43606903e+002
    6.37529053e+002 3.28119751e+002 6.03821655e+002 3.38014465e+002
    5.69789124e+002 3.48021698e+002 5.35133057e+002 3.58152740e+002
    4.99692902e+002 3.68508789e+002 4.63872559e+002 3.78909149e+002
    4.27201233e+002 3.89635651e+002 3.90143250e+002 4.00472778e+002
    3.52212799e+002 4.11370789e+002 6.22770386e+002 3.00625916e+002
    5.89629639e+002 3.10326050e+002 5.56315735e+002 3.19792999e+002
    5.22119934e+002 3.29582581e+002 4.87456512e+002 3.39465515e+002
    4.52183746e+002 3.49428040e+002 4.16199280e+002 3.59670013e+002
    3.79820862e+002 3.69938934e+002 3.42753632e+002 3.80266388e+002
    6.08656616e+002 2.74540497e+002 5.76155884e+002 2.83718658e+002
    5.43272034e+002 2.92985962e+002 5.09777802e+002 3.02291077e+002
    4.75663483e+002 3.11841278e+002 4.41153259e+002 3.21442017e+002
    4.05726837e+002 3.31178864e+002 3.70114594e+002 3.40941925e+002
