<?xml version="1.0"?>
<opencv_storage>
<calibration_Time>"05/05/15 22:10:04"</calibration_Time>
<nrOfFrames>4</nrOfFrames>
<image_Width>1000</image_Width>
<image_Height>750</image_Height>
<board_Width>9</board_Width>
<board_Height>6</board_Height>
<square_Size>24.</square_Size>
<FixAspectRatio>1.</FixAspectRatio>
<!-- flags:  +fix_aspectRatio +fix_principal_point +zero_tangent_dist -->
<flagValue>14</flagValue>
<Camera_Matrix type_id="opencv-matrix">
  <rows>3</rows>
  <cols>3</cols>
  <dt>d</dt>
  <data>
    1.0111345591221742e+003 0. 4.9950000000000000e+002 0.
    1.0111345591221742e+003 3.7450000000000000e+002 0. 0. 1.</data></Camera_Matrix>
<Distortion_Coefficients type_id="opencv-matrix">
  <rows>5</rows>
  <cols>1</cols>
  <dt>d</dt>
  <data>
    9.6825288026899925e-001 -8.7248408757932250e+000 0. 0.
    2.6060770373912131e+001</data></Distortion_Coefficients>
<Avg_Reprojection_Error>3.1086869192779232e+000</Avg_Reprojection_Error>
<Per_View_Reprojection_Errors type_id="opencv-matrix">
  <rows>4</rows>
  <cols>1</cols>
  <dt>f</dt>
  <data>
    2.76012945e+000 1.44903040e+000 2.53427362e+000 4.74501753e+000</data></Per_View_Reprojection_Errors>
<!-- a set of 6-tuples (rotation vector + translation vector) for each view -->
<Extrinsic_Parameters type_id="opencv-matrix">
  <rows>4</rows>
  <cols>6</cols>
  <dt>d</dt>
  <data>
    -4.3886781192906271e-001 -2.8897397334326047e-001
    2.0606837367476301e-003 -1.2442180744609256e+002
    -5.3629370853119660e+001 5.9447332459031816e+002
    -4.7701312641691435e-001 4.7506440365002200e-001
    2.0313899239664574e-003 -1.0022715577270380e+002
    -3.0598903514705043e+001 7.1008263885705355e+002
    4.5287028207949130e-002 -3.5543367143944604e-001
    1.5338709488179414e-001 -1.7636068058466361e+000
    -1.2707716734750805e+002 5.8274355675049833e+002
    -3.3952669555841963e-001 4.6654021849028943e-001
    -7.0486459211911739e-002 -1.2380718913164516e+001
    1.8223459813056675e+001 5.3594432139116259e+002</data></Extrinsic_Parameters>
<Image_points type_id="opencv-matrix">
  <rows>4</rows>
  <cols>54</cols>
  <dt>"2f"</dt>
  <data>
    2.88608063e+002 2.82521667e+002 3.29075043e+002 2.86543304e+002
    3.68639709e+002 2.90162415e+002 4.07133209e+002 2.93418640e+002
    4.44934753e+002 2.96693146e+002 4.82147980e+002 2.99803375e+002
    5.18584290e+002 3.02794403e+002 5.54281555e+002 3.05541016e+002
    5.89282898e+002 3.08479248e+002 2.85799286e+002 3.18074493e+002
    3.27487701e+002 3.21537781e+002 3.68216339e+002 3.24693024e+002
    4.07730133e+002 3.27686371e+002 4.46659149e+002 3.30635437e+002
    4.84781158e+002 3.33519318e+002 5.22157837e+002 3.36365936e+002
    5.58744507e+002 3.39067657e+002 5.94598816e+002 3.41736053e+002
    2.82830963e+002 3.54705139e+002 3.25803345e+002 3.58083099e+002
    3.67790894e+002 3.61026733e+002 4.08367157e+002 3.63724701e+002
    4.48365051e+002 3.66319611e+002 4.87610657e+002 3.68951202e+002
    5.26083618e+002 3.71537201e+002 5.63558655e+002 3.74016479e+002
    6.00355835e+002 3.76416138e+002 2.79564545e+002 3.93715973e+002
    3.23850281e+002 3.96773010e+002 3.67055756e+002 3.99367767e+002
    4.09010284e+002 4.01835632e+002 4.50073944e+002 4.04108063e+002
    4.90489410e+002 4.06413849e+002 5.29950500e+002 4.08723938e+002
    5.68561096e+002 4.10875641e+002 6.06399597e+002 4.13034485e+002
    2.76035004e+002 4.35741760e+002 3.21989960e+002 4.38277374e+002
    3.66391083e+002 4.40392395e+002 4.09636932e+002 4.42416718e+002
    4.51981171e+002 4.44407074e+002 4.93587189e+002 4.46323547e+002
    5.34192688e+002 4.48330017e+002 5.73945984e+002 4.50139587e+002
    6.12884460e+002 4.51900269e+002 2.72124786e+002 4.80545593e+002
    3.19454071e+002 4.82575928e+002 3.65589111e+002 4.84149231e+002
    4.10328461e+002 4.85653870e+002 4.53998016e+002 4.87184998e+002
    4.96863159e+002 4.88767517e+002 5.38750183e+002 4.90319977e+002
    5.79755249e+002 4.91682495e+002 6.19938171e+002 4.93101471e+002
    3.56513184e+002 3.29818665e+002 3.85865906e+002 3.25924133e+002
    4.15859558e+002 3.21728699e+002 4.46291687e+002 3.17182831e+002
    4.77502655e+002 3.12606079e+002 5.09807495e+002 3.07824585e+002
    5.42938660e+002 3.02820892e+002 5.76665649e+002 2.97541870e+002
    6.11517639e+002 2.92357574e+002 3.49859528e+002 3.60335266e+002
    3.79622284e+002 3.56571198e+002 4.10122650e+002 3.52490936e+002
    4.41147064e+002 3.48319550e+002 4.73084991e+002 3.43953308e+002
    5.06045288e+002 3.39488220e+002 5.39865112e+002 3.34947113e+002
    5.74557495e+002 3.30157837e+002 6.10273438e+002 3.25319031e+002
    3.42280975e+002 3.91585938e+002 3.72801025e+002 3.88255493e+002
    4.04068085e+002 3.84560425e+002 4.35760040e+002 3.80721283e+002
    4.68382538e+002 3.76720673e+002 5.02153625e+002 3.72623657e+002
    5.36874451e+002 3.68451630e+002 5.72314697e+002 3.64101746e+002
    6.08928101e+002 3.59596619e+002 3.34425079e+002 4.24360992e+002
    3.65683044e+002 4.21416992e+002 3.97597839e+002 4.18170349e+002
    4.30086792e+002 4.14702881e+002 4.63555634e+002 4.11136719e+002
    4.98041351e+002 4.07390167e+002 5.33601990e+002 4.03673187e+002
    5.69980042e+002 3.99713715e+002 6.07542236e+002 3.95654541e+002
    3.26297455e+002 4.59202484e+002 3.58250488e+002 4.56588654e+002
    3.90816681e+002 4.53682251e+002 4.24054138e+002 4.50637024e+002
    4.58292023e+002 4.47500732e+002 4.93669708e+002 4.44241669e+002
    5.30058228e+002 4.40926178e+002 5.67473694e+002 4.37449707e+002
    6.06057251e+002 4.33894562e+002 3.17534821e+002 4.95845428e+002
    3.50331024e+002 4.93617676e+002 3.83630463e+002 4.91112885e+002
    4.17695526e+002 4.88456604e+002 4.52714569e+002 4.85795959e+002
    4.89054016e+002 4.83076874e+002 5.26386292e+002 4.80253723e+002
    5.64737000e+002 4.77244476e+002 6.04412842e+002 4.74176483e+002
    5.01048676e+002 1.52403671e+002 5.37440552e+002 1.59863876e+002
    5.73541321e+002 1.67252304e+002 6.09393433e+002 1.74564972e+002
    6.45068481e+002 1.81690125e+002 6.80284729e+002 1.88750458e+002
    7.15163635e+002 1.95743759e+002 7.50084290e+002 2.02754944e+002
    7.84975403e+002 2.09479263e+002 4.93778290e+002 1.93685867e+002
    5.30242554e+002 2.00928391e+002 5.66455444e+002 2.08073318e+002
    6.02400696e+002 2.15160110e+002 6.38128296e+002 2.22204727e+002
    6.73434631e+002 2.29050446e+002 7.08458008e+002 2.35860413e+002
    7.43527771e+002 2.42641129e+002 7.78450256e+002 2.49266296e+002
    4.86524536e+002 2.34886261e+002 5.23100952e+002 2.41930099e+002
    5.59407166e+002 2.48900421e+002 5.95447388e+002 2.55812820e+002
    6.31303955e+002 2.62609253e+002 6.66640625e+002 2.69407532e+002
    7.01767151e+002 2.76029510e+002 7.36978760e+002 2.82669891e+002
    7.72054688e+002 2.89221619e+002 4.79270813e+002 2.75936920e+002
    5.16006531e+002 2.82807190e+002 5.52389160e+002 2.89621490e+002
    5.88542297e+002 2.96333557e+002 6.24478638e+002 3.03051819e+002
    6.59944641e+002 3.09633759e+002 6.95130310e+002 3.16131165e+002
    7.30406860e+002 3.22668243e+002 7.65548828e+002 3.29092773e+002
    4.72003052e+002 3.17266998e+002 5.08865814e+002 3.23968170e+002
    5.45340515e+002 3.30579681e+002 5.81617737e+002 3.37123810e+002
    6.17653625e+002 3.43687256e+002 6.53253662e+002 3.50123779e+002
    6.88520020e+002 3.56478516e+002 7.23843506e+002 3.62873505e+002
    7.58987183e+002 3.69219696e+002 4.64673248e+002 3.59017914e+002
    5.01678955e+002 3.65529144e+002 5.38249573e+002 3.71931824e+002
    5.74656311e+002 3.78292236e+002 6.10829773e+002 3.84681854e+002
    6.46550415e+002 3.91000671e+002 6.81943848e+002 3.97235260e+002
    7.17547058e+002 4.03499298e+002 7.52924377e+002 4.09762146e+002
    4.80057373e+002 4.04674255e+002 5.21860962e+002 3.99770721e+002
    5.64902222e+002 3.94419769e+002 6.08872986e+002 3.88711975e+002
    6.54384460e+002 3.82870422e+002 7.01850098e+002 3.76740723e+002
    7.50969116e+002 3.70341003e+002 8.01713379e+002 3.63576813e+002
    8.54488281e+002 3.56821259e+002 4.77468109e+002 4.49614044e+002
