<?xml version="1.0"?>
<opencv_storage>
<calibration_Time>"05/05/15 22:00:14"</calibration_Time>
<nrOfFrames>2</nrOfFrames>
<image_Width>1000</image_Width>
<image_Height>750</image_Height>
<board_Width>9</board_Width>
<board_Height>6</board_Height>
<square_Size>24.</square_Size>
<FixAspectRatio>1.</FixAspectRatio>
<!-- flags:  +fix_aspectRatio +fix_principal_point +zero_tangent_dist -->
<flagValue>14</flagValue>
<Camera_Matrix type_id="opencv-matrix">
  <rows>3</rows>
  <cols>3</cols>
  <dt>d</dt>
  <data>
    1.2065446953887019e+003 0. 4.9950000000000000e+002 0.
    1.2065446953887019e+003 3.7450000000000000e+002 0. 0. 1.</data></Camera_Matrix>
<Distortion_Coefficients type_id="opencv-matrix">
  <rows>5</rows>
  <cols>1</cols>
  <dt>d</dt>
  <data>
    4.4586269264012013e-001 -8.1840527922877175e+000 0. 0.
    4.7828731389182920e+001</data></Distortion_Coefficients>
<Avg_Reprojection_Error>4.9411807265646122e+000</Avg_Reprojection_Error>
<Per_View_Reprojection_Errors type_id="opencv-matrix">
  <rows>2</rows>
  <cols>1</cols>
  <dt>f</dt>
  <data>
    3.78562665e+000 5.87363291e+000</data></Per_View_Reprojection_Errors>
<!-- a set of 6-tuples (rotation vector + translation vector) for each view -->
<Extrinsic_Parameters type_id="opencv-matrix">
  <rows>2</rows>
  <cols>6</cols>
  <dt>d</dt>
  <data>
    -7.6759790493976809e-001 5.4569794626733406e-002
    6.6000606019049085e-002 -9.2877949289871623e+001
    -5.8081098849320698e+000 4.3637302097765701e+002
    -2.8770824313086296e-001 -3.1305117365083129e-001
    -4.9039072540239970e-001 -1.1320081027308360e+002
    -2.5220137125311876e+001 3.5747608858343199e+002</data></Extrinsic_Parameters>
<Image_points type_id="opencv-matrix">
  <rows>2</rows>
  <cols>54</cols>
  <dt>"2f"</dt>
  <data>
    2.45471024e+002 3.55617279e+002 3.10373871e+002 3.59996765e+002
    3.80645538e+002 3.63867249e+002 4.43751862e+002 3.66394470e+002
    5.09528992e+002 3.68671967e+002 5.75255249e+002 3.72116333e+002
    6.42367432e+002 3.75535706e+002 7.09468140e+002 3.78423645e+002
    7.75651001e+002 3.81190094e+002 2.27815186e+002 4.05549561e+002
    2.97237610e+002 4.09464569e+002 3.67067444e+002 4.15401062e+002
    4.35440704e+002 4.15888000e+002 5.04388000e+002 4.18854889e+002
    5.73779541e+002 4.22062347e+002 6.43216064e+002 4.25315094e+002
    7.14380798e+002 4.28452606e+002 7.82733521e+002 4.31512085e+002
    2.08411713e+002 4.59290771e+002 2.81220245e+002 4.62942047e+002
    3.54142761e+002 4.66323761e+002 4.26173798e+002 4.69560760e+002
    4.98468658e+002 4.72754333e+002 5.71499084e+002 4.75987610e+002
    6.44463989e+002 4.79501251e+002 7.18713440e+002 4.81880981e+002
    7.91174622e+002 4.86542816e+002 1.86001709e+002 5.17150085e+002
    2.63106628e+002 5.21442444e+002 3.38242218e+002 5.27313354e+002
    4.15438965e+002 5.29343384e+002 4.92073669e+002 5.32302490e+002
    5.68780334e+002 5.35832764e+002 6.45564880e+002 5.39619446e+002
    7.22541199e+002 5.43212463e+002 7.97614014e+002 5.49008423e+002
    1.62927002e+002 5.81730713e+002 2.42875732e+002 5.87716736e+002
    3.24135651e+002 5.91513306e+002 4.04740692e+002 5.95245178e+002
    4.84946167e+002 5.98835815e+002 5.65887451e+002 6.02663696e+002
    6.46877441e+002 6.07008545e+002 7.25251709e+002 6.08682495e+002
    8.10625427e+002 6.15279236e+002 1.33795197e+002 6.58825623e+002
    2.17800949e+002 6.59609619e+002 3.06074768e+002 6.65478943e+002
    3.91296722e+002 6.69175293e+002 4.76652588e+002 6.73265442e+002
    5.62472839e+002 6.77728394e+002 6.48617859e+002 6.82274414e+002
    7.35224609e+002 6.86451721e+002 8.22508911e+002 6.91136475e+002
    1.25698448e+002 2.85104309e+002 1.95950470e+002 2.56013275e+002
    2.61173218e+002 2.26881760e+002 3.29189178e+002 2.00297867e+002
    3.92671906e+002 1.72885345e+002 4.53861969e+002 1.46641983e+002
    5.13381226e+002 1.21387260e+002 5.71639038e+002 9.64071503e+001
    6.28592957e+002 7.10864944e+001 1.60048569e+002 3.52983307e+002
    2.30891113e+002 3.21903229e+002 2.99125671e+002 2.91893311e+002
    3.65141296e+002 2.62683868e+002 4.29162476e+002 2.34283508e+002
    4.90960510e+002 2.06659607e+002 5.50898865e+002 1.79848236e+002
    6.09794006e+002 1.53338745e+002 6.67243958e+002 1.26908669e+002
    1.95246078e+002 4.22770203e+002 2.66910004e+002 3.89931000e+002
    3.35849243e+002 3.57998840e+002 4.02242798e+002 3.27121155e+002
    4.66933716e+002 2.97154877e+002 5.29299683e+002 2.68181396e+002
    5.89821838e+002 2.40009109e+002 6.49299988e+002 2.12016006e+002
    7.07333069e+002 1.84436478e+002 2.31544342e+002 4.95057312e+002
    3.03738556e+002 4.60186981e+002 3.73938232e+002 4.27411957e+002
    4.40625519e+002 3.93803253e+002 5.05950043e+002 3.62234924e+002
    5.69056152e+002 3.31721741e+002 6.29992371e+002 3.02159729e+002
    6.89989136e+002 2.72980621e+002 7.48442261e+002 2.44460281e+002
    2.69072144e+002 5.70563416e+002 3.42239075e+002 5.33754395e+002
    4.12654663e+002 4.98997894e+002 4.80656677e+002 4.63405914e+002
    5.46651611e+002 4.29913727e+002 6.10979980e+002 3.96612518e+002
    6.71997864e+002 3.66702759e+002 7.32657349e+002 3.35941132e+002
    7.91795105e+002 3.05900024e+002 3.08063751e+002 6.50567139e+002
    3.82384064e+002 6.10565735e+002 4.53705444e+002 5.72840393e+002
    5.22528809e+002 5.36006226e+002 5.89546631e+002 5.00442108e+002
    6.53973572e+002 4.66719177e+002 7.16142212e+002 4.34180511e+002
    7.77418091e+002 4.01510895e+002 8.37650879e+002 3.69689056e+002</data></Image_points>
</opencv_storage>
