<?xml version="1.0"?>
<opencv_storage>
<calibration_Time>"05/05/15 21:59:17"</calibration_Time>
<nrOfFrames>6</nrOfFrames>
<image_Width>1000</image_Width>
<image_Height>750</image_Height>
<board_Width>9</board_Width>
<board_Height>6</board_Height>
<square_Size>19.</square_Size>
<FixAspectRatio>1.</FixAspectRatio>
<!-- flags:  +fix_aspectRatio +fix_principal_point +zero_tangent_dist -->
<flagValue>14</flagValue>
<Camera_Matrix type_id="opencv-matrix">
  <rows>3</rows>
  <cols>3</cols>
  <dt>d</dt>
  <data>
    1.3031804891850070e+003 0. 4.9950000000000000e+002 0.
    1.3031804891850070e+003 3.7450000000000000e+002 0. 0. 1.</data></Camera_Matrix>
<Distortion_Coefficients type_id="opencv-matrix">
  <rows>5</rows>
  <cols>1</cols>
  <dt>d</dt>
  <data>
    1.1686654420317363e-001 -1.1567197376974188e+000 0. 0.
    9.4641883781206460e+000</data></Distortion_Coefficients>
<Avg_Reprojection_Error>6.7120275364066184e-001</Avg_Reprojection_Error>
<Per_View_Reprojection_Errors type_id="opencv-matrix">
  <rows>6</rows>
  <cols>1</cols>
  <dt>f</dt>
  <data>
    9.72824454e-001 5.51093936e-001 5.88221312e-001 4.26452905e-001
    5.10394335e-001 8.15241218e-001</data></Per_View_Reprojection_Errors>
<!-- a set of 6-tuples (rotation vector + translation vector) for each view -->
<Extrinsic_Parameters type_id="opencv-matrix">
  <rows>6</rows>
  <cols>6</cols>
  <dt>d</dt>
  <data>
    -7.4515779963563089e-001 1.5709759064536954e-001
    1.6508382549514045e-001 -5.2727236965468613e+001
    -2.8224420041631220e+001 4.0532937267940241e+002
    -8.2056961215651014e-001 -1.2527981651025727e-001
    -4.1105968646069574e-001 -1.0354863107670820e+002
    -4.2569382436479493e+001 5.1737134745862897e+002
    -5.9250328849759359e-001 -4.2408922874262156e-001
    -1.0273523968556959e+000 -5.7506882851290129e+001
    1.0831732098714895e+001 3.6153810937309152e+002
    -2.8093157250527906e-001 -2.3631084430186827e-001
    -1.3634441414639922e+000 -5.6257179983311566e+001
    6.1803443412677382e+001 4.1694776202559586e+002
    -5.0804876218136952e-001 -3.7618543083886724e-001
    -2.4735294233331890e+000 8.3139535203531167e+001
    3.0988275767120982e+001 4.3798967706803603e+002
    6.8249118590380228e-002 -1.0799893431030956e+000
    -2.8823846245074183e+000 8.4738123602242723e+000
    1.0136465017849933e+002 4.7417267809919815e+002</data></Extrinsic_Parameters>
<Image_points type_id="opencv-matrix">
  <rows>6</rows>
  <cols>54</cols>
  <dt>"2f"</dt>
  <data>
    3.30167755e+002 2.82815247e+002 3.89105713e+002 2.87400940e+002
    4.48757019e+002 2.92344452e+002 5.10106506e+002 2.98429047e+002
    5.71860901e+002 3.04224213e+002 6.35061218e+002 3.09335114e+002
    6.99635498e+002 3.14928253e+002 7.64615356e+002 3.20448853e+002
    8.31857544e+002 3.24831207e+002 3.11496460e+002 3.25641571e+002
    3.72403961e+002 3.31600586e+002 4.34220703e+002 3.37232056e+002
    4.96895935e+002 3.43327545e+002 5.60586487e+002 3.49453735e+002
    6.25562073e+002 3.55241760e+002 6.92187866e+002 3.61466156e+002
    7.60109863e+002 3.67532471e+002 8.29563782e+002 3.72493988e+002
    2.91361053e+002 3.71270660e+002 3.54328400e+002 3.78058533e+002
    4.18112122e+002 3.84637634e+002 4.82641510e+002 3.90914307e+002
    5.49202332e+002 3.97754242e+002 6.16204407e+002 4.04106018e+002
    6.84858093e+002 4.11020905e+002 7.55061279e+002 4.17585907e+002
    8.27266418e+002 4.23914764e+002 2.69551331e+002 4.20528320e+002
    3.35087860e+002 4.27671356e+002 4.00523529e+002 4.34744049e+002
    4.67923584e+002 4.42192871e+002 5.36063416e+002 4.49493500e+002
    6.06063843e+002 4.56828186e+002 6.76790771e+002 4.64231293e+002
    7.49854004e+002 4.71921936e+002 8.24302856e+002 4.78987885e+002
    2.46472687e+002 4.72891083e+002 3.14018860e+002 4.80897034e+002
    3.82199982e+002 4.88597046e+002 4.51616821e+002 4.96489899e+002
    5.22511902e+002 5.04512146e+002 5.94685974e+002 5.12644653e+002
    6.68747375e+002 5.21244019e+002 7.44407654e+002 5.29914612e+002
    8.21718140e+002 5.38291870e+002 2.21243637e+002 5.29684326e+002
    2.91118195e+002 5.37951477e+002 3.62068909e+002 5.46480591e+002
    4.34330475e+002 5.55504883e+002 5.07650879e+002 5.64570374e+002
    5.82712463e+002 5.74075684e+002 6.59822327e+002 5.83675537e+002
    7.38024963e+002 5.93672791e+002 8.18599182e+002 6.02783875e+002
    2.37128159e+002 2.66359894e+002 2.83582916e+002 2.52376785e+002
    3.28936707e+002 2.39219696e+002 3.73283081e+002 2.26703186e+002
    4.16981384e+002 2.14654160e+002 4.59646667e+002 2.01838409e+002
    5.01727997e+002 1.89825668e+002 5.41992615e+002 1.77754578e+002
    5.82148560e+002 1.65341217e+002 2.50231094e+002 2.93886566e+002
    2.98146332e+002 2.79598175e+002 3.44245453e+002 2.66245392e+002
    3.89839508e+002 2.53144867e+002 4.34568115e+002 2.39644012e+002
    4.77593109e+002 2.26541321e+002 5.19996338e+002 2.13510452e+002
    5.61880371e+002 2.00927750e+002 6.02239380e+002 1.88017059e+002
    2.64340637e+002 3.22638214e+002 3.13059845e+002 3.08264923e+002
    3.60342438e+002 2.93657410e+002 4.06821991e+002 2.79746429e+002
    4.52176666e+002 2.65841064e+002 4.96266296e+002 2.51909241e+002
    5.39911926e+002 2.38468948e+002 5.82099121e+002 2.25319641e+002
    6.23636780e+002 2.11871017e+002 2.78660797e+002 3.53015259e+002
    3.28963013e+002 3.37624512e+002 3.76915894e+002 3.22552612e+002
    4.24789063e+002 3.07616730e+002 4.70698029e+002 2.93101379e+002
    5.16030457e+002 2.78846832e+002 5.60219238e+002 2.64859100e+002
    6.03629272e+002 2.50834167e+002 6.45668823e+002 2.36771652e+002
    2.94036407e+002 3.84646576e+002 3.45104980e+002 3.68615448e+002
    3.94738312e+002 3.52751343e+002 4.43278992e+002 3.37136383e+002
    4.90469818e+002 3.21542084e+002 5.36318176e+002 3.06794952e+002
    5.81910217e+002 2.91800140e+002 6.25987427e+002 2.77367310e+002
    6.69063538e+002 2.62592957e+002 3.10395569e+002 4.18881744e+002
    3.62890381e+002 4.01112244e+002 4.13484253e+002 3.84576782e+002
    4.62948853e+002 3.67969269e+002 5.11246460e+002 3.51649231e+002
    5.58544495e+002 3.36414063e+002 6.04562561e+002 3.20822174e+002
    6.49736267e+002 3.05831665e+002 6.93757080e+002 2.90161285e+002
    2.90074921e+002 4.13718658e+002 3.27845520e+002 3.67472168e+002
    3.62833862e+002 3.24101990e+002 3.96039063e+002 2.84301117e+002
    4.27044861e+002 2.46308792e+002 4.56589386e+002 2.10453125e+002
    4.84275604e+002 1.75715973e+002 5.10733612e+002 1.43288254e+002
    5.35799744e+002 1.11606682e+002 3.50042145e+002 4.41527191e+002
    3.86178009e+002 3.93820099e+002 4.19591858e+002 3.49900421e+002
    4.51611023e+002 3.08220001e+002 4.81444061e+002 2.69209717e+002
    5.09675629e+002 2.31767181e+002 5.36142517e+002 1.96460709e+002
    5.61723450e+002 1.62777222e+002 5.85608459e+002 1.30115219e+002
    4.11008392e+002 4.69168518e+002 4.45292664e+002 4.20724213e+002
    4.77565460e+002 3.75307312e+002 5.07896729e+002 3.32599426e+002
    5.36405212e+002 2.91897583e+002 5.63511108e+002 2.53613235e+002
    5.88994019e+002 2.16976669e+002 6.13307922e+002 1.82723587e+002
    6.36329102e+002 1.49259186e+002 4.73289185e+002 4.98113647e+002
    5.06279022e+002 4.47780396e+002 5.36881226e+002 4.01313782e+002
    5.65716980e+002 3.56708435e+002 5.92837219e+002 3.15354675e+002
    6.18655212e+002 2.75772827e+002 6.42925110e+002 2.38401520e+002
    6.66194763e+002 2.02839172e+002 6.88414551e+002 1.68643890e+002
    5.37117676e+002 5.27716003e+002 5.68531433e+002 4.75706543e+002
    5.97214050e+002 4.27482758e+002 6.24710876e+002 3.81868164e+002
    6.50346008e+002 3.38771362e+002 6.74892273e+002 2.98412445e+002
    6.98302490e+002 2.59736481e+002 7.19960144e+002 2.23137466e+002
    7.41153931e+002 1.88030075e+002 6.03426941e+002 5.58062500e+002
    6.32852600e+002 5.03839600e+002 6.60157898e+002 4.54094116e+002
    6.85679260e+002 4.06950195e+002 7.10320068e+002 3.63137177e+002
    7.33326721e+002 3.21161804e+002 7.54901428e+002 2.81861084e+002
    7.75798645e+002 2.44299576e+002 7.95388672e+002 2.08485901e+002
