<?xml version="1.0"?>
<opencv_storage>
<calibration_Time>"05/05/15 19:57:14"</calibration_Time>
<nrOfFrames>8</nrOfFrames>
<image_Width>1000</image_Width>
<image_Height>750</image_Height>
<board_Width>9</board_Width>
<board_Height>6</board_Height>
<square_Size>50.</square_Size>
<FixAspectRatio>1.</FixAspectRatio>
<!-- flags:  +fix_aspectRatio +fix_principal_point +zero_tangent_dist -->
<flagValue>14</flagValue>
<Camera_Matrix type_id="opencv-matrix">
  <rows>3</rows>
  <cols>3</cols>
  <dt>d</dt>
  <data>
    1.4677889587099814e+003 0. 4.9950000000000000e+002 0.
    1.4677889587099814e+003 3.7450000000000000e+002 0. 0. 1.</data></Camera_Matrix>
<Distortion_Coefficients type_id="opencv-matrix">
  <rows>5</rows>
  <cols>1</cols>
  <dt>d</dt>
  <data>
    -5.7154870067734198e-001 2.7901545450784191e+000 0. 0.
    6.6053132041289430e+001</data></Distortion_Coefficients>
<Avg_Reprojection_Error>5.9439112733495216e+000</Avg_Reprojection_Error>
<Per_View_Reprojection_Errors type_id="opencv-matrix">
  <rows>8</rows>
  <cols>1</cols>
  <dt>f</dt>
  <data>
    5.17238092e+000 2.27904677e+000 7.92904806e+000 7.64537144e+000
    3.54216003e+000 3.20145464e+000 7.25686932e+000 7.34256124e+000</data></Per_View_Reprojection_Errors>
<!-- a set of 6-tuples (rotation vector + translation vector) for each view -->
<Extrinsic_Parameters type_id="opencv-matrix">
  <rows>8</rows>
  <cols>6</cols>
  <dt>d</dt>
  <data>
    3.5448608227226402e-001 5.7613657871276598e-002
    7.6359304139434264e-003 -1.8652473406039266e+002
    -2.2284118928548160e+001 1.3023289564939639e+003
    4.0120547182749038e-002 -5.4660634358187121e-001
    -4.5060736407235629e-003 -1.2729683309251051e+002
    -1.1202459671365682e+002 7.3767948610983410e+002
    -1.0772789528265460e-001 -5.9682691424528511e-001
    8.1485224189638931e-003 -1.5134763244615272e+002
    -1.3111621046225230e+002 7.1426523147899093e+002
    -2.1365313104286374e-001 1.1962290141246390e-001
    1.0990762909392583e-002 -2.0460824724338539e+002
    -1.5758974478439356e+002 1.1369775647300260e+003
    -1.3162833720506911e-001 6.9562552380563059e-001
    -1.2712308441859169e-001 -2.3509992128400688e+002
    -8.5663682056702243e+001 1.0632696587073699e+003
    9.0006466131479293e-002 7.7141139157411576e-001
    -7.8300998971715333e-003 -2.3982934869788457e+002
    -1.3572109388982699e+002 1.0694327927879222e+003
    3.0707825733407385e-001 4.4213805068927570e-001
    2.3095224758745363e-002 -2.6156555419317579e+002
    -1.2638694186004089e+002 9.7309116577555756e+002
    6.6719109018590498e-003 4.2438060815394163e-001
    -4.1998799078349081e-002 -3.1641983091736648e+002
    -3.9571386517603614e+001 1.2477869156482595e+003</data></Extrinsic_Parameters>
<Image_points type_id="opencv-matrix">
  <rows>8</rows>
  <cols>54</cols>
  <dt>"2f"</dt>
  <data>
    2.81452362e+002 3.44635712e+002 3.39654877e+002 3.45662872e+002
    3.97799713e+002 3.46694427e+002 4.55986389e+002 3.47677246e+002
    5.14370605e+002 3.48642548e+002 5.72992188e+002 3.49613037e+002
    6.31889465e+002 3.50554749e+002 6.91286499e+002 3.51458008e+002
    7.51246521e+002 3.52361877e+002 2.89485352e+002 4.01665405e+002
    3.45633362e+002 4.02663757e+002 4.01761993e+002 4.03659119e+002
    4.57931274e+002 4.04690369e+002 5.14302795e+002 4.05724792e+002
    5.70854004e+002 4.06765045e+002 6.27688965e+002 4.07820953e+002
    6.84955078e+002 4.08901611e+002 7.42773438e+002 4.10013367e+002
    2.96884064e+002 4.54895660e+002 3.51171844e+002 4.55860504e+002
    4.05433258e+002 4.56872223e+002 4.59725830e+002 4.57936920e+002
    5.14225952e+002 4.59008820e+002 5.68886658e+002 4.60145782e+002
    6.23845703e+002 4.61295868e+002 6.79131592e+002 4.62476715e+002
    7.34960083e+002 4.63724548e+002 3.03690247e+002 5.04791626e+002
    3.56250275e+002 5.05719543e+002 4.08828156e+002 5.06722656e+002
    4.61398590e+002 5.07781311e+002 5.14120605e+002 5.08906403e+002
    5.67042847e+002 5.10064362e+002 6.20225769e+002 5.11306152e+002
    6.73756409e+002 5.12603088e+002 7.27752075e+002 5.14005127e+002
    3.09999878e+002 5.51616333e+002 3.60962189e+002 5.52549011e+002
    4.11936920e+002 5.53518311e+002 4.62910156e+002 5.54599487e+002
    5.14044983e+002 5.55750977e+002 5.65365967e+002 5.56984680e+002
    6.16874451e+002 5.58301880e+002 6.68796265e+002 5.59687500e+002
    7.21082825e+002 5.61223816e+002 3.15911926e+002 5.95692993e+002
    3.65327911e+002 5.96661133e+002 4.14782593e+002 5.97660522e+002
    4.64326630e+002 5.98756653e+002 5.13951721e+002 5.99930054e+002
    5.63783325e+002 6.01249939e+002 6.13829590e+002 6.02573486e+002
    6.64127930e+002 6.04083069e+002 7.14813477e+002 6.05565002e+002
    2.46593887e+002 1.52615631e+002 3.36711395e+002 1.58865173e+002
    4.20762695e+002 1.64616119e+002 4.99526184e+002 1.69853424e+002
    5.73564087e+002 1.74549332e+002 6.43448669e+002 1.78826324e+002
    7.09640564e+002 1.82642075e+002 7.72419128e+002 1.86050613e+002
    8.32089844e+002 1.88381058e+002 2.48660294e+002 2.52988892e+002
    3.37982483e+002 2.55859650e+002 4.21305115e+002 2.58443573e+002
    4.99312134e+002 2.60751251e+002 5.72654297e+002 2.62787628e+002
    6.42001404e+002 2.64616638e+002 7.07800659e+002 2.66236084e+002
    7.70284119e+002 2.67820313e+002 8.30121094e+002 2.69345703e+002
    2.50447037e+002 3.51593353e+002 3.39074554e+002 3.51082733e+002
    4.21671295e+002 3.50576416e+002 4.99099945e+002 3.50001740e+002
    5.71944885e+002 3.49483612e+002 6.40646790e+002 3.49094849e+002
    7.06097656e+002 3.48671783e+002 7.68422607e+002 3.48217438e+002
    8.27883240e+002 3.47751740e+002 2.51834702e+002 4.48753448e+002
    3.39871918e+002 4.44866699e+002 4.21940247e+002 4.41354736e+002
    4.98856598e+002 4.38045654e+002 5.71296021e+002 4.35042847e+002
    6.39656616e+002 4.32294525e+002 7.04729370e+002 4.29698730e+002
    7.66715759e+002 4.27222412e+002 8.25695679e+002 4.25554047e+002
    2.52897415e+002 5.44840759e+002 3.40371918e+002 5.37725220e+002
    4.22016602e+002 5.31186401e+002 4.98622192e+002 5.25198303e+002
    5.70674622e+002 5.19702576e+002 6.38834961e+002 5.14625366e+002
    7.03521973e+002 5.09974243e+002 7.65162781e+002 5.05450958e+002
    8.23959534e+002 5.01190460e+002 2.53764374e+002 6.40086792e+002
    3.40716766e+002 6.29941895e+002 4.21988892e+002 6.20554565e+002
    4.98274292e+002 6.11870361e+002 5.70143250e+002 6.03910400e+002
    6.38083374e+002 5.96503296e+002 7.02521179e+002 5.89651062e+002
    7.63774780e+002 5.83258606e+002 8.22233582e+002 5.77162292e+002
    2.09530121e+002 1.17070053e+002 2.94280487e+002 1.28049377e+002
    3.74085632e+002 1.38435852e+002 4.49375244e+002 1.48117737e+002
    5.20553345e+002 1.57174988e+002 5.88105896e+002 1.65596191e+002
    6.52375122e+002 1.73577438e+002 7.13665039e+002 1.81017761e+002
    7.72276062e+002 1.88190445e+002 2.05684006e+002 2.10282120e+002
    2.92298065e+002 2.18780304e+002 3.73707550e+002 2.26723969e+002
    4.50287354e+002 2.34144058e+002 5.22598572e+002 2.41015350e+002
    5.91160522e+002 2.47443405e+002 6.56455566e+002 2.53470261e+002
    7.18754028e+002 2.59139282e+002 7.78230469e+002 2.64542725e+002
    2.01529144e+002 3.07381897e+002 2.90081055e+002 3.12924805e+002
    3.73137024e+002 3.18190369e+002 4.51098175e+002 3.23066711e+002
    5.24786560e+002 3.27575470e+002 5.94523438e+002 3.31917389e+002
    6.60858582e+002 3.35951630e+002 7.24103394e+002 3.39747345e+002
    7.84601563e+002 3.43410400e+002 1.96811615e+002 4.08560303e+002
    2.87508057e+002 4.10947449e+002 3.72379089e+002 4.13226532e+002
    4.51970245e+002 4.15426086e+002 5.27056091e+002 4.17529633e+002
    5.98120422e+002 4.19479431e+002 6.65629883e+002 4.21418488e+002
    7.30006775e+002 4.23291687e+002 7.91481201e+002 4.25088593e+002
    1.91520599e+002 5.14590454e+002 2.84439362e+002 5.13539185e+002
    3.71359039e+002 5.12612183e+002 4.52792480e+002 5.11850311e+002
    5.29519104e+002 5.11216766e+002 6.02042419e+002 5.10771729e+002
    6.70897888e+002 5.10416016e+002 7.36442932e+002 5.10191864e+002
