<?xml version="1.0"?>
<opencv_storage>
<calibration_Time>"05/05/15 19:54:27"</calibration_Time>
<nrOfFrames>8</nrOfFrames>
<image_Width>1000</image_Width>
<image_Height>750</image_Height>
<board_Width>9</board_Width>
<board_Height>6</board_Height>
<square_Size>19.</square_Size>
<FixAspectRatio>1.</FixAspectRatio>
<!-- flags:  +fix_aspectRatio +fix_principal_point +zero_tangent_dist -->
<flagValue>14</flagValue>
<Camera_Matrix type_id="opencv-matrix">
  <rows>3</rows>
  <cols>3</cols>
  <dt>d</dt>
  <data>
    8.6215210851170821e+002 0. 4.9950000000000000e+002 0.
    8.6215210851170821e+002 3.7450000000000000e+002 0. 0. 1.</data></Camera_Matrix>
<Distortion_Coefficients type_id="opencv-matrix">
  <rows>5</rows>
  <cols>1</cols>
  <dt>d</dt>
  <data>
    7.3946587040434039e-002 -1.1285255635540410e-001 0. 0.
    1.3792552593824481e-001</data></Distortion_Coefficients>
<Avg_Reprojection_Error>3.9887897791361138e-001</Avg_Reprojection_Error>
<Per_View_Reprojection_Errors type_id="opencv-matrix">
  <rows>8</rows>
  <cols>1</cols>
  <dt>f</dt>
  <data>
    5.18866956e-001 5.86822987e-001 2.62242615e-001 4.39752191e-001
    2.95029372e-001 4.69808340e-001 2.06524387e-001 2.16064066e-001</data></Per_View_Reprojection_Errors>
<!-- a set of 6-tuples (rotation vector + translation vector) for each view -->
<Extrinsic_Parameters type_id="opencv-matrix">
  <rows>8</rows>
  <cols>6</cols>
  <dt>d</dt>
  <data>
    -2.4385615614997896e-001 -3.7708436681712798e-001
    3.0467440448870706e-002 -6.5764367213332847e+001
    -6.9657260276293840e+001 2.5075810880517531e+002
    -3.7235779313817885e-001 2.7021534081633591e-001
    1.2636145915259427e-002 -8.0917526653040710e+001
    -5.4198590020333107e+001 2.5410137927088505e+002
    6.4609010003866296e-001 -5.6049024499725486e-001
    2.0148131099851296e-001 -3.2643007788465859e+001
    -2.7523941814602491e+001 1.4100608661598656e+002
    9.2554732734959255e-001 -2.9782505429876122e-001
    2.3964091645891203e-001 -6.0806936273157106e+001
    -1.0015403067964380e+001 1.8769025136755417e+002
    7.2527520909541077e-001 -2.8961743847906295e-003
    -2.6135061039902811e-002 -8.4169526475568290e+001
    -2.6726791015280615e+001 2.2709799839936886e+002
    3.0198879786693167e-001 2.3775420927093946e-001
    -1.1123448372469796e-003 -8.3178219440944957e+001
    -4.3991990751873971e+001 2.1834328242988087e+002
    3.7247393368045473e-001 5.9501383139445541e-001
    -1.1841421292169071e-002 -1.0397343630653648e+002
    -5.4200469416053060e+001 3.5323566639674209e+002
    2.0117713259305024e-002 5.2913215040099026e-001
    -2.7337372191521044e-002 -1.1025751703103293e+002
    -5.1177770910170246e+001 3.3475589294541555e+002</data></Extrinsic_Parameters>
<Image_points type_id="opencv-matrix">
  <rows>8</rows>
  <cols>54</cols>
  <dt>"2f"</dt>
  <data>
    2.70478851e+002 1.32729507e+002 3.36812256e+002 1.44659912e+002
    3.99390076e+002 1.55643524e+002 4.58921906e+002 1.66031494e+002
    5.14825195e+002 1.75794510e+002 5.68614746e+002 1.85025101e+002
    6.19396423e+002 1.93656067e+002 6.67975647e+002 2.01850662e+002
    7.14364990e+002 2.09559036e+002 2.67719055e+002 1.93749725e+002
    3.35273621e+002 2.03768127e+002 3.98825134e+002 2.13555450e+002
    4.59486420e+002 2.22550095e+002 5.16065491e+002 2.30973679e+002
    5.70445313e+002 2.38785889e+002 6.21988647e+002 2.46301620e+002
    6.71321594e+002 2.53490997e+002 7.18021484e+002 2.59977997e+002
    2.64956390e+002 2.56615997e+002 3.33690552e+002 2.65217133e+002
    3.98334351e+002 2.73209351e+002 4.59620331e+002 2.80614624e+002
    5.17409729e+002 2.87524231e+002 5.72414673e+002 2.94227905e+002
    6.24479980e+002 3.00397980e+002 6.74343567e+002 3.06315552e+002
    7.21741821e+002 3.11801086e+002 2.61947723e+002 3.22271393e+002
    3.31873199e+002 3.28747040e+002 3.97656769e+002 3.35133179e+002
    4.60046753e+002 3.40890167e+002 5.18616089e+002 3.46397095e+002
    5.74499634e+002 3.51634644e+002 6.27431946e+002 3.56500793e+002
    6.77676880e+002 3.61202942e+002 7.25954224e+002 3.65538544e+002
    2.58683655e+002 3.89707764e+002 3.30035553e+002 3.94351837e+002
    3.96900818e+002 3.98703918e+002 4.60444824e+002 4.02958282e+002
    5.19919678e+002 4.06741272e+002 5.76569885e+002 4.10433777e+002
    6.30379028e+002 4.13867554e+002 6.81563660e+002 4.17293518e+002
    7.30302246e+002 4.20641388e+002 2.55008362e+002 4.60279785e+002
    3.27749512e+002 4.62586090e+002 3.96135284e+002 4.64889679e+002
    4.60602936e+002 4.67380585e+002 5.21378662e+002 4.69537384e+002
    5.78522156e+002 4.71485596e+002 6.33484863e+002 4.73629333e+002
    6.85428650e+002 4.75513000e+002 7.34888062e+002 4.77517731e+002
    2.22646835e+002 1.88823486e+002 2.81579346e+002 1.82779190e+002
    3.42299652e+002 1.76839966e+002 4.06158691e+002 1.70303391e+002
    4.71653717e+002 1.63439606e+002 5.40465820e+002 1.56209686e+002
    6.12091003e+002 1.48416641e+002 6.87579407e+002 1.39834900e+002
    7.65822815e+002 1.31201508e+002 2.11256699e+002 2.45821274e+002
    2.71279541e+002 2.41154633e+002 3.33815247e+002 2.35960846e+002
    3.98966766e+002 2.30730057e+002 4.66543732e+002 2.24770142e+002
    5.36744446e+002 2.18740295e+002 6.10941162e+002 2.12048126e+002
    6.88018433e+002 2.05199951e+002 7.69261108e+002 1.97553543e+002
    1.98666336e+002 3.06238342e+002 2.60524109e+002 3.02544128e+002
    3.24576904e+002 2.98351318e+002 3.91627472e+002 2.94348419e+002
    4.60826294e+002 2.89635956e+002 5.33517822e+002 2.84604553e+002
    6.09295471e+002 2.79779907e+002 6.88870605e+002 2.74225922e+002
    7.72634460e+002 2.68087524e+002 1.85402145e+002 3.70656403e+002
    2.48702133e+002 3.68034454e+002 3.14517365e+002 3.65405853e+002
    3.83541107e+002 3.62091980e+002 4.54726227e+002 3.58799255e+002
    5.29608398e+002 3.55527069e+002 6.07674377e+002 3.51966766e+002
    6.89922607e+002 3.48148010e+002 7.76872620e+002 3.44268799e+002
    1.70898972e+002 4.38721985e+002 2.36160629e+002 4.37286316e+002
    3.03927368e+002 4.35510010e+002 3.74847290e+002 4.33787109e+002
    4.48282318e+002 4.32262451e+002 5.25442505e+002 4.30469757e+002
    6.06442505e+002 4.28610291e+002 6.91428894e+002 4.26756470e+002
    7.81399475e+002 4.25022614e+002 1.55509659e+002 5.11236877e+002
    2.22432480e+002 5.11025665e+002 2.92290741e+002 5.10977539e+002
    3.65349396e+002 5.10863007e+002 4.41276367e+002 5.10795288e+002
    5.20752747e+002 5.11030975e+002 6.04517517e+002 5.11338013e+002
    6.92862976e+002 5.11710327e+002 7.86444824e+002 5.12394714e+002
    2.99005493e+002 2.05378448e+002 4.03551544e+002 2.18285767e+002
    4.94242676e+002 2.29233200e+002 5.74109436e+002 2.38888885e+002
    6.44764587e+002 2.46929565e+002 7.07825317e+002 2.54350281e+002
    7.65033264e+002 2.61086426e+002 8.16675415e+002 2.66797943e+002
    8.63585510e+002 2.72339386e+002 2.74245056e+002 3.02230438e+002
    3.74254944e+002 3.07514008e+002 4.61522797e+002 3.12164764e+002
    5.39017578e+002 3.16467377e+002 6.07760193e+002 3.20160858e+002
    6.69627563e+002 3.23547150e+002 7.25922363e+002 3.26422058e+002
    7.77033447e+002 3.29388672e+002 8.23672424e+002 3.31618835e+002
    2.52376343e+002 3.86661377e+002 3.48125488e+002 3.86519562e+002
    4.32329132e+002 3.86461090e+002 5.07438965e+002 3.86410980e+002
    5.74457581e+002 3.86401703e+002 6.35000244e+002 3.86368469e+002
    6.90429626e+002 3.86339355e+002 7.40731995e+002 3.86287354e+002
    7.87032898e+002 3.86421509e+002 2.32497650e+002 4.62546722e+002
    3.24414978e+002 4.57784027e+002 4.05713104e+002 4.53616943e+002
    4.78766541e+002 4.49928741e+002 5.44215271e+002 4.46625671e+002
    6.03446899e+002 4.43864746e+002 6.57752747e+002 4.41331451e+002
    7.07531128e+002 4.38993988e+002 7.53318054e+002 4.36716980e+002
    2.14602905e+002 5.30029114e+002 3.03073364e+002 5.21645996e+002
    3.81725555e+002 5.14009033e+002 4.52828979e+002 5.07488251e+002
    5.16633606e+002 5.01543762e+002 5.74724304e+002 4.96362885e+002
    6.28159546e+002 4.91565094e+002 6.77053162e+002 4.87272400e+002
